0	1.0
1000	0.9
2000	0.915
3000	0.925
4000	0.89
5000	0.825
6000	0.775
7000	0.83
8000	0.84
9000	0.83
10000	0.9
11000	0.9
12000	0.85
13000	0.79
14000	0.76
15000	0.79
16000	0.815
17000	0.81
18000	0.895
19000	0.845
20000	0.9
21000	0.905
22000	0.9
23000	0.83
24000	0.88
25000	0.81
26000	0.895
27000	0.84
28000	0.755
29000	0.73
30000	0.71
31000	0.765
32000	0.8
33000	0.855
34000	0.885
35000	0.85
36000	0.945
37000	0.9
38000	0.9
39000	0.88
40000	0.925
41000	0.925
42000	0.865
43000	0.885
44000	0.86
45000	0.87
46000	0.87
47000	0.775
48000	0.87
49000	0.88
50000	0.85
51000	0.815
52000	0.89
53000	0.905
54000	0.89
55000	0.875
56000	0.875
57000	0.885
58000	0.915
59000	0.915
60000	0.935
61000	0.92
62000	0.885
63000	0.815
64000	0.93
65000	0.92
66000	0.86
67000	0.85
68000	0.855
69000	0.705
70000	0.6
71000	0.645
72000	0.685
73000	0.66
74000	0.735
75000	0.67
76000	0.705
77000	0.56
78000	0.555
79000	0.565
80000	0.705
81000	0.815
82000	0.855
83000	0.83
84000	0.79
85000	0.88
86000	0.835
87000	0.75
88000	0.875
89000	0.88
90000	0.865
91000	0.88
92000	0.935
93000	0.895
94000	0.895
95000	0.775
96000	0.775
97000	0.79
98000	0.765
99000	0.725
100000	0.675
101000	0.605
102000	0.78
103000	0.79
104000	0.69
105000	0.695
106000	0.69
107000	0.665
108000	0.79
109000	0.735
110000	0.78
111000	0.735
112000	0.73
113000	0.755
114000	0.88
115000	0.86
116000	0.865
117000	0.775
118000	0.8
119000	0.74
120000	0.875
121000	0.785
122000	0.77
123000	0.845
124000	0.81
125000	0.765
126000	0.765
127000	0.725
128000	0.73
129000	0.8
130000	0.88
131000	0.87
132000	0.8
133000	0.875
134000	0.785
135000	0.805
136000	0.825
137000	0.74
138000	0.68
139000	0.67
140000	0.79
141000	0.79
142000	0.785
143000	0.76
144000	0.82
145000	0.84
146000	0.77
147000	0.795
148000	0.885
149000	0.865
150000	0.91
151000	0.835
152000	0.785
153000	0.83
154000	0.725
155000	0.66
156000	0.67
157000	0.595
158000	0.5
159000	0.505
160000	0.51
161000	0.55
162000	0.495
163000	0.435
164000	0.42
165000	0.385
166000	0.435
167000	0.435
168000	0.41
169000	0.415
170000	0.505
171000	0.5
172000	0.45
173000	0.43
174000	0.58
175000	0.655
176000	0.655
177000	0.74
178000	0.71
179000	0.685
180000	0.575
181000	0.58
182000	0.71
183000	0.74
184000	0.75
185000	0.77
186000	0.865
187000	0.865
188000	0.815
189000	0.88
190000	0.915
191000	0.885
192000	0.925
193000	0.92
194000	0.895
195000	0.905
196000	0.82
197000	0.81
198000	0.765
199000	0.805
200000	0.795
201000	0.87
202000	0.79
203000	0.775
204000	0.875
205000	0.915
206000	0.81
207000	0.74
208000	0.8
209000	0.75
210000	0.805
211000	0.785
212000	0.77
213000	0.755
214000	0.745
215000	0.815
216000	0.785
217000	0.87
218000	0.885
219000	0.815
220000	0.875
221000	0.705
222000	0.67
223000	0.73
224000	0.695
225000	0.76
226000	0.76
227000	0.785
228000	0.72
229000	0.72
230000	0.67
231000	0.725
232000	0.855
233000	0.865
234000	0.91
235000	0.86
236000	0.795
237000	0.765
238000	0.83
239000	0.83
240000	0.84
241000	0.825
242000	0.805
243000	0.835
244000	0.865
245000	0.845
246000	0.74
247000	0.745
248000	0.835
249000	0.895
250000	0.935
251000	0.905
252000	0.825
253000	0.85
254000	0.835
255000	0.75
256000	0.785
257000	0.785
258000	0.735
259000	0.86
260000	0.88
261000	0.83
262000	0.795
263000	0.835
264000	0.805
265000	0.86
266000	0.86
267000	0.81
268000	0.8
269000	0.84
270000	0.83
271000	0.87
272000	0.895
273000	0.855
274000	0.81
275000	0.745
276000	0.72
277000	0.835
278000	0.84
279000	0.835
280000	0.82
281000	0.775
282000	0.81
283000	0.86
284000	0.825
285000	0.88
286000	0.83
287000	0.755
288000	0.64
289000	0.77
290000	0.63
291000	0.73
292000	0.8
293000	0.76
294000	0.845
295000	0.81
296000	0.805
297000	0.81
298000	0.905
299000	0.865
300000	0.87
301000	0.86
302000	0.815
303000	0.81
304000	0.805
305000	0.79
306000	0.875
307000	0.855
308000	0.9
309000	0.79
310000	0.795
311000	0.82
312000	0.86
313000	0.865
314000	0.85
315000	0.835
316000	0.775
317000	0.765
318000	0.9
319000	0.86
320000	0.9
321000	0.855
322000	0.92
323000	0.86
324000	0.91
325000	0.905
326000	0.845
327000	0.78
328000	0.79
329000	0.74
330000	0.765
331000	0.83
332000	0.86
333000	0.875
334000	0.885
335000	0.895
336000	0.8
337000	0.715
338000	0.58
339000	0.675
340000	0.765
341000	0.81
342000	0.775
343000	0.79
344000	0.76
345000	0.805
346000	0.745
347000	0.795
348000	0.88
349000	0.84
350000	0.86
351000	0.82
352000	0.795
353000	0.76
354000	0.69
355000	0.6
356000	0.56
357000	0.615
358000	0.72
359000	0.745
360000	0.805
361000	0.74
362000	0.785
363000	0.765
364000	0.815
365000	0.82
366000	0.82
367000	0.845
368000	0.81
369000	0.795
370000	0.805
371000	0.805
372000	0.84
373000	0.795
374000	0.745
375000	0.67
376000	0.78
377000	0.79
378000	0.815
379000	0.775
380000	0.84
381000	0.78
382000	0.73
383000	0.815
384000	0.78
385000	0.8
386000	0.84
387000	0.835
388000	0.8
389000	0.83
390000	0.875
391000	0.84
392000	0.91
393000	0.91
394000	0.89
395000	0.86
396000	0.89
397000	0.875
398000	0.875
399000	0.9
400000	0.88
401000	0.83
402000	0.825
403000	0.85
404000	0.795
405000	0.805
406000	0.775
407000	0.83
408000	0.875
409000	0.87
410000	0.91
411000	0.9
412000	0.845
413000	0.81
414000	0.725
415000	0.73
416000	0.82
417000	0.82
418000	0.905
419000	0.92
420000	0.94
421000	0.915
422000	0.915
423000	0.84
424000	0.865
425000	0.885
426000	0.9
427000	0.885
428000	0.88
429000	0.895
430000	0.82
431000	0.7
432000	0.805
433000	0.855
434000	0.9
435000	0.865
436000	0.87
437000	0.8
438000	0.785
439000	0.775
440000	0.765
441000	0.865
442000	0.885
443000	0.915
444000	0.905
445000	0.935
446000	0.96
447000	0.91
448000	0.875
449000	0.765
450000	0.835
451000	0.85
452000	0.86
453000	0.915
454000	0.92
455000	0.905
456000	0.905
457000	0.91
458000	0.845
459000	0.79
460000	0.79
461000	0.755
462000	0.815
463000	0.825
464000	0.82
465000	0.83
466000	0.88
467000	0.8
468000	0.855
469000	0.795
470000	0.855
471000	0.85
472000	0.905
473000	0.92
474000	0.915
475000	0.89
476000	0.88
477000	0.86
478000	0.905
479000	0.81
480000	0.84
481000	0.875
482000	0.85
483000	0.905
484000	0.85
485000	0.875
486000	0.905
487000	0.865
488000	0.83
489000	0.805
490000	0.665
491000	0.67
492000	0.76
493000	0.68
494000	0.595
495000	0.51
496000	0.455
497000	0.47
498000	0.495
499000	0.46
500000	0.465
501000	0.52
502000	0.57
503000	0.505
504000	0.585
505000	0.635
506000	0.645
507000	0.54
508000	0.72
509000	0.775
510000	0.775
511000	0.775
512000	0.865
513000	0.905
514000	0.87
515000	0.9
516000	0.94
517000	0.945
518000	0.9
519000	0.9
520000	0.82
521000	0.76
522000	0.805
523000	0.74
524000	0.74
525000	0.675
526000	0.78
527000	0.805
528000	0.81
529000	0.785
530000	0.815
531000	0.845
532000	0.885
533000	0.925
534000	0.925
535000	0.88
536000	0.81
537000	0.705
538000	0.74
539000	0.695
540000	0.78
541000	0.765
542000	0.875
543000	0.92
544000	0.89
545000	0.85
546000	0.86
547000	0.855
548000	0.935
549000	0.89
550000	0.885
551000	0.84
552000	0.795
553000	0.795
554000	0.78
555000	0.75
556000	0.615
557000	0.67
558000	0.835
559000	0.775
560000	0.77
561000	0.785
562000	0.86
563000	0.82
564000	0.73
565000	0.77
566000	0.84
567000	0.86
568000	0.86
569000	0.88
570000	0.905
571000	0.875
572000	0.925
573000	0.865
574000	0.815
575000	0.815
576000	0.86
577000	0.915
578000	0.905
579000	0.855
580000	0.825
581000	0.825
582000	0.845
583000	0.82
584000	0.845
585000	0.785
586000	0.745
587000	0.86
588000	0.8
589000	0.78
590000	0.8
591000	0.815
592000	0.705
593000	0.74
594000	0.72
595000	0.73
596000	0.71
597000	0.81
598000	0.86
599000	0.91
600000	0.88
601000	0.81
602000	0.87
603000	0.9
604000	0.83
605000	0.89
606000	0.86
607000	0.885
608000	0.9
609000	0.875
610000	0.895
611000	0.845
612000	0.805
613000	0.725
614000	0.735
615000	0.705
616000	0.695
617000	0.675
618000	0.7
619000	0.615
620000	0.575
621000	0.55
622000	0.56
623000	0.63
624000	0.63
625000	0.755
626000	0.775
627000	0.835
628000	0.835
629000	0.805
630000	0.88
631000	0.905
632000	0.92
633000	0.915
634000	0.805
635000	0.83
636000	0.795
637000	0.79
638000	0.79
639000	0.795
640000	0.865
641000	0.86
642000	0.835
643000	0.92
644000	0.93
645000	0.885
646000	0.885
647000	0.83
648000	0.885
649000	0.895
650000	0.875
651000	0.8
652000	0.8
653000	0.715
654000	0.685
655000	0.755
656000	0.71
657000	0.665
658000	0.785
659000	0.745
660000	0.675
661000	0.765
662000	0.78
663000	0.835
664000	0.835
665000	0.875
666000	0.84
667000	0.915
668000	0.91
669000	0.88
670000	0.85
671000	0.815
672000	0.77
673000	0.8
674000	0.8
675000	0.86
676000	0.91
677000	0.85
678000	0.86
679000	0.835
680000	0.86
681000	0.815
682000	0.87
683000	0.85
684000	0.85
685000	0.87
686000	0.8
687000	0.675
688000	0.705
689000	0.745
690000	0.73
691000	0.8
692000	0.745
693000	0.665
694000	0.555
695000	0.615
696000	0.68
697000	0.71
698000	0.685
699000	0.66
700000	0.665
701000	0.73
702000	0.695
703000	0.71
704000	0.715
705000	0.71
706000	0.71
707000	0.675
708000	0.62
709000	0.765
710000	0.825
711000	0.81
712000	0.885
713000	0.81
714000	0.835
715000	0.875
716000	0.875
717000	0.835
718000	0.815
719000	0.86
720000	0.92
721000	0.91
722000	0.915
723000	0.88
724000	0.845
725000	0.755
726000	0.715
727000	0.775
728000	0.86
729000	0.86
730000	0.86
731000	0.84
732000	0.785
733000	0.825
734000	0.81
735000	0.81
736000	0.855
737000	0.87
738000	0.87
739000	0.835
740000	0.875
741000	0.89
742000	0.86
743000	0.85
744000	0.74
745000	0.74
746000	0.8
747000	0.86
748000	0.89
749000	0.855
750000	0.885
751000	0.93
752000	0.925
753000	0.92
754000	0.94
755000	0.865
756000	0.87
757000	0.845
758000	0.78
759000	0.87
760000	0.825
761000	0.86
762000	0.845
763000	0.885
764000	0.84
765000	0.835
766000	0.785
767000	0.76
768000	0.79
769000	0.765
770000	0.875
771000	0.835
772000	0.8
773000	0.73
774000	0.78
775000	0.815
776000	0.93
777000	0.92
778000	0.925
779000	0.855
780000	0.835
781000	0.75
782000	0.71
783000	0.645
784000	0.705
785000	0.69
786000	0.6
787000	0.675
788000	0.75
789000	0.78
790000	0.77
791000	0.84
792000	0.77
793000	0.84
794000	0.835
795000	0.845
796000	0.85
797000	0.83
798000	0.82
799000	0.795
800000	0.79
801000	0.745
802000	0.71
803000	0.745
804000	0.725
805000	0.755
806000	0.795
807000	0.755
808000	0.795
809000	0.815
810000	0.795
811000	0.76
812000	0.815
813000	0.84
814000	0.93
815000	0.905
816000	0.85
817000	0.85
818000	0.79
819000	0.91
820000	0.835
821000	0.85
822000	0.925
823000	0.935
824000	0.9
825000	0.9
826000	0.905
827000	0.88
828000	0.81
829000	0.795
830000	0.87
831000	0.885
832000	0.82
833000	0.775
834000	0.735
835000	0.755
836000	0.745
837000	0.9
838000	0.885
839000	0.885
840000	0.92
841000	0.79
842000	0.815
843000	0.725
844000	0.78
845000	0.86
846000	0.91
847000	0.87
848000	0.81
849000	0.815
850000	0.845
851000	0.82
852000	0.835
853000	0.815
854000	0.9
855000	0.86
856000	0.81
857000	0.83
858000	0.91
859000	0.895
860000	0.855
861000	0.815
862000	0.885
863000	0.885
864000	0.94
865000	0.885
866000	0.865
867000	0.795
868000	0.825
869000	0.855
870000	0.925
871000	0.855
872000	0.855
873000	0.87
874000	0.805
875000	0.845
876000	0.83
877000	0.845
878000	0.825
879000	0.715
880000	0.77
881000	0.805
882000	0.86
883000	0.84
884000	0.81
885000	0.87
886000	0.725
887000	0.78
888000	0.835
889000	0.85
890000	0.86
891000	0.895
892000	0.835
893000	0.895
894000	0.82
895000	0.8
896000	0.81
897000	0.795
898000	0.835
899000	0.83
900000	0.85
901000	0.915
902000	0.83
903000	0.76
904000	0.71
905000	0.615
906000	0.605
907000	0.7
908000	0.76
909000	0.705
910000	0.675
911000	0.645
912000	0.59
913000	0.6
914000	0.495
915000	0.585
916000	0.625
917000	0.655
918000	0.71
919000	0.725
920000	0.65
921000	0.675
922000	0.69
923000	0.79
924000	0.86
925000	0.835
926000	0.8
927000	0.82
928000	0.825
929000	0.805
930000	0.795
931000	0.785
932000	0.845
933000	0.805
934000	0.82
935000	0.765
936000	0.825
937000	0.9
938000	0.895
939000	0.915
940000	0.86
941000	0.825
942000	0.77
943000	0.83
944000	0.805
945000	0.825
946000	0.85
947000	0.83
948000	0.88
949000	0.81
950000	0.805
951000	0.795
952000	0.77
953000	0.88
954000	0.895
955000	0.86
956000	0.9
957000	0.945
958000	0.92
959000	0.855
960000	0.885
961000	0.85
962000	0.91
963000	0.845
964000	0.885
965000	0.87
966000	0.835
967000	0.785
968000	0.72
969000	0.815
970000	0.775
971000	0.745
972000	0.845
973000	0.9
974000	0.905
975000	0.94
976000	0.855
977000	0.82
978000	0.785
979000	0.69
980000	0.795
981000	0.845
982000	0.8
983000	0.88
984000	0.85
985000	0.825
986000	0.855
987000	0.96
988000	0.965
989000	0.92
990000	0.9
991000	0.925
992000	0.945
993000	0.94
994000	0.88
995000	0.895
996000	0.825
997000	0.75
998000	0.735
999000	0.75
