0	-800.0
1000	-684.0
2000	-680.0
3000	-696.0
4000	-668.0
5000	-636.0
6000	-584.0
7000	-608.0
8000	-628.0
9000	-608.0
10000	-664.0
11000	-660.0
12000	-636.0
13000	-592.0
14000	-560.0
15000	-564.0
16000	-628.0
17000	-604.0
18000	-676.0
19000	-628.0
20000	-672.0
21000	-680.0
22000	-668.0
23000	-608.0
24000	-648.0
25000	-588.0
26000	-688.0
27000	-652.0
28000	-604.0
29000	-600.0
30000	-548.0
31000	-592.0
32000	-620.0
33000	-636.0
34000	-684.0
35000	-632.0
36000	-716.0
37000	-680.0
38000	-692.0
39000	-668.0
40000	-684.0
41000	-688.0
42000	-644.0
43000	-648.0
44000	-636.0
45000	-632.0
46000	-652.0
47000	-564.0
48000	-668.0
49000	-636.0
50000	-636.0
51000	-616.0
52000	-716.0
53000	-688.0
54000	-652.0
55000	-640.0
56000	-656.0
57000	-672.0
58000	-688.0
59000	-684.0
60000	-708.0
61000	-728.0
62000	-656.0
63000	-632.0
64000	-708.0
65000	-688.0
66000	-660.0
67000	-640.0
68000	-640.0
69000	-568.0
70000	-500.0
71000	-560.0
72000	-560.0
73000	-520.0
74000	-540.0
75000	-544.0
76000	-620.0
77000	-444.0
78000	-484.0
79000	-496.0
80000	-584.0
81000	-600.0
82000	-620.0
83000	-632.0
84000	-616.0
85000	-696.0
86000	-644.0
87000	-560.0
88000	-676.0
89000	-660.0
90000	-624.0
91000	-664.0
92000	-708.0
93000	-660.0
94000	-676.0
95000	-600.0
96000	-588.0
97000	-592.0
98000	-608.0
99000	-540.0
100000	-560.0
101000	-492.0
102000	-628.0
103000	-596.0
104000	-580.0
105000	-588.0
106000	-556.0
107000	-568.0
108000	-604.0
109000	-592.0
110000	-648.0
111000	-568.0
112000	-592.0
113000	-600.0
114000	-660.0
115000	-648.0
116000	-652.0
117000	-596.0
118000	-568.0
119000	-552.0
120000	-652.0
121000	-580.0
122000	-588.0
123000	-632.0
124000	-656.0
125000	-624.0
126000	-596.0
127000	-604.0
128000	-564.0
129000	-604.0
130000	-668.0
131000	-664.0
132000	-600.0
133000	-636.0
134000	-564.0
135000	-620.0
136000	-624.0
137000	-608.0
138000	-624.0
139000	-580.0
140000	-648.0
141000	-596.0
142000	-624.0
143000	-612.0
144000	-624.0
145000	-652.0
146000	-588.0
147000	-616.0
148000	-676.0
149000	-632.0
150000	-704.0
151000	-624.0
152000	-604.0
153000	-684.0
154000	-600.0
155000	-564.0
156000	-512.0
157000	-480.0
158000	-504.0
159000	-528.0
160000	-508.0
161000	-572.0
162000	-524.0
163000	-524.0
164000	-452.0
165000	-484.0
166000	-460.0
167000	-520.0
168000	-504.0
169000	-584.0
170000	-564.0
171000	-588.0
172000	-516.0
173000	-536.0
174000	-564.0
175000	-576.0
176000	-612.0
177000	-580.0
178000	-628.0
179000	-592.0
180000	-532.0
181000	-580.0
182000	-620.0
183000	-628.0
184000	-612.0
185000	-620.0
186000	-680.0
187000	-644.0
188000	-628.0
189000	-664.0
190000	-696.0
191000	-668.0
192000	-704.0
193000	-712.0
194000	-680.0
195000	-676.0
196000	-620.0
197000	-636.0
198000	-600.0
199000	-612.0
200000	-580.0
201000	-644.0
202000	-588.0
203000	-612.0
204000	-672.0
205000	-684.0
206000	-564.0
207000	-568.0
208000	-616.0
209000	-576.0
210000	-612.0
211000	-584.0
212000	-572.0
213000	-580.0
214000	-552.0
215000	-628.0
216000	-632.0
217000	-660.0
218000	-664.0
219000	-624.0
220000	-700.0
221000	-576.0
222000	-572.0
223000	-628.0
224000	-556.0
225000	-636.0
226000	-588.0
227000	-632.0
228000	-588.0
229000	-560.0
230000	-552.0
231000	-604.0
232000	-632.0
233000	-656.0
234000	-692.0
235000	-652.0
236000	-612.0
237000	-584.0
238000	-664.0
239000	-636.0
240000	-668.0
241000	-652.0
242000	-624.0
243000	-620.0
244000	-652.0
245000	-632.0
246000	-576.0
247000	-572.0
248000	-616.0
249000	-684.0
250000	-716.0
251000	-676.0
252000	-624.0
253000	-636.0
254000	-632.0
255000	-556.0
256000	-564.0
257000	-592.0
258000	-584.0
259000	-660.0
260000	-680.0
261000	-612.0
262000	-600.0
263000	-628.0
264000	-596.0
265000	-664.0
266000	-644.0
267000	-640.0
268000	-576.0
269000	-628.0
270000	-612.0
271000	-632.0
272000	-668.0
273000	-628.0
274000	-584.0
275000	-612.0
276000	-592.0
277000	-616.0
278000	-628.0
279000	-628.0
280000	-612.0
281000	-568.0
282000	-632.0
283000	-636.0
284000	-632.0
285000	-656.0
286000	-608.0
287000	-552.0
288000	-536.0
289000	-644.0
290000	-564.0
291000	-572.0
292000	-604.0
293000	-596.0
294000	-644.0
295000	-600.0
296000	-576.0
297000	-600.0
298000	-692.0
299000	-640.0
300000	-640.0
301000	-632.0
302000	-608.0
303000	-616.0
304000	-624.0
305000	-600.0
306000	-688.0
307000	-696.0
308000	-692.0
309000	-600.0
310000	-588.0
311000	-636.0
312000	-636.0
313000	-656.0
314000	-620.0
315000	-624.0
316000	-568.0
317000	-548.0
318000	-680.0
319000	-656.0
320000	-668.0
321000	-628.0
322000	-696.0
323000	-656.0
324000	-704.0
325000	-668.0
326000	-620.0
327000	-588.0
328000	-612.0
329000	-592.0
330000	-624.0
331000	-644.0
332000	-644.0
333000	-632.0
334000	-648.0
335000	-660.0
336000	-604.0
337000	-600.0
338000	-532.0
339000	-500.0
340000	-572.0
341000	-608.0
342000	-612.0
343000	-660.0
344000	-640.0
345000	-632.0
346000	-636.0
347000	-616.0
348000	-652.0
349000	-636.0
350000	-656.0
351000	-640.0
352000	-580.0
353000	-588.0
354000	-580.0
355000	-576.0
356000	-552.0
357000	-600.0
358000	-564.0
359000	-592.0
360000	-648.0
361000	-584.0
362000	-612.0
363000	-596.0
364000	-628.0
365000	-612.0
366000	-612.0
367000	-636.0
368000	-588.0
369000	-564.0
370000	-620.0
371000	-632.0
372000	-604.0
373000	-588.0
374000	-576.0
375000	-588.0
376000	-596.0
377000	-596.0
378000	-640.0
379000	-596.0
380000	-644.0
381000	-652.0
382000	-604.0
383000	-612.0
384000	-592.0
385000	-608.0
386000	-660.0
387000	-656.0
388000	-680.0
389000	-656.0
390000	-648.0
391000	-612.0
392000	-716.0
393000	-684.0
394000	-660.0
395000	-624.0
396000	-660.0
397000	-664.0
398000	-648.0
399000	-676.0
400000	-680.0
401000	-608.0
402000	-632.0
403000	-624.0
404000	-608.0
405000	-616.0
406000	-584.0
407000	-620.0
408000	-652.0
409000	-632.0
410000	-676.0
411000	-676.0
412000	-648.0
413000	-608.0
414000	-612.0
415000	-600.0
416000	-648.0
417000	-608.0
418000	-668.0
419000	-696.0
420000	-720.0
421000	-688.0
422000	-700.0
423000	-628.0
424000	-644.0
425000	-652.0
426000	-668.0
427000	-656.0
428000	-632.0
429000	-652.0
430000	-612.0
431000	-592.0
432000	-640.0
433000	-672.0
434000	-680.0
435000	-640.0
436000	-648.0
437000	-572.0
438000	-564.0
439000	-592.0
440000	-588.0
441000	-640.0
442000	-656.0
443000	-684.0
444000	-668.0
445000	-704.0
446000	-740.0
447000	-680.0
448000	-648.0
449000	-576.0
450000	-644.0
451000	-632.0
452000	-624.0
453000	-692.0
454000	-688.0
455000	-676.0
456000	-668.0
457000	-684.0
458000	-604.0
459000	-576.0
460000	-640.0
461000	-584.0
462000	-608.0
463000	-624.0
464000	-620.0
465000	-624.0
466000	-676.0
467000	-568.0
468000	-612.0
469000	-604.0
470000	-660.0
471000	-636.0
472000	-688.0
473000	-680.0
474000	-708.0
475000	-672.0
476000	-676.0
477000	-620.0
478000	-676.0
479000	-612.0
480000	-628.0
481000	-664.0
482000	-624.0
483000	-688.0
484000	-608.0
485000	-660.0
486000	-692.0
487000	-628.0
488000	-620.0
489000	-620.0
490000	-576.0
491000	-560.0
492000	-584.0
493000	-564.0
494000	-536.0
495000	-512.0
496000	-480.0
497000	-540.0
498000	-548.0
499000	-520.0
500000	-508.0
501000	-508.0
502000	-576.0
503000	-544.0
504000	-556.0
505000	-532.0
506000	-516.0
507000	-500.0
508000	-568.0
509000	-604.0
510000	-580.0
511000	-548.0
512000	-640.0
513000	-688.0
514000	-644.0
515000	-668.0
516000	-708.0
517000	-720.0
518000	-660.0
519000	-668.0
520000	-628.0
521000	-576.0
522000	-616.0
523000	-556.0
524000	-536.0
525000	-500.0
526000	-572.0
527000	-632.0
528000	-620.0
529000	-592.0
530000	-628.0
531000	-612.0
532000	-648.0
533000	-692.0
534000	-696.0
535000	-668.0
536000	-612.0
537000	-592.0
538000	-588.0
539000	-604.0
540000	-592.0
541000	-564.0
542000	-656.0
543000	-692.0
544000	-668.0
545000	-640.0
546000	-644.0
547000	-640.0
548000	-700.0
549000	-644.0
550000	-668.0
551000	-632.0
552000	-628.0
553000	-632.0
554000	-632.0
555000	-620.0
556000	-532.0
557000	-516.0
558000	-596.0
559000	-584.0
560000	-592.0
561000	-584.0
562000	-648.0
563000	-608.0
564000	-540.0
565000	-628.0
566000	-644.0
567000	-648.0
568000	-656.0
569000	-668.0
570000	-672.0
571000	-660.0
572000	-704.0
573000	-652.0
574000	-608.0
575000	-580.0
576000	-656.0
577000	-692.0
578000	-668.0
579000	-660.0
580000	-636.0
581000	-564.0
582000	-600.0
583000	-628.0
584000	-648.0
585000	-604.0
586000	-620.0
587000	-664.0
588000	-656.0
589000	-640.0
590000	-616.0
591000	-692.0
592000	-576.0
593000	-588.0
594000	-540.0
595000	-572.0
596000	-564.0
597000	-620.0
598000	-644.0
599000	-676.0
600000	-628.0
601000	-604.0
602000	-644.0
603000	-680.0
604000	-600.0
605000	-668.0
606000	-676.0
607000	-680.0
608000	-688.0
609000	-648.0
610000	-644.0
611000	-652.0
612000	-632.0
613000	-604.0
614000	-616.0
615000	-604.0
616000	-632.0
617000	-644.0
618000	-644.0
619000	-560.0
620000	-592.0
621000	-556.0
622000	-512.0
623000	-548.0
624000	-508.0
625000	-596.0
626000	-560.0
627000	-628.0
628000	-588.0
629000	-576.0
630000	-672.0
631000	-692.0
632000	-692.0
633000	-692.0
634000	-636.0
635000	-652.0
636000	-584.0
637000	-632.0
638000	-612.0
639000	-604.0
640000	-652.0
641000	-628.0
642000	-628.0
643000	-708.0
644000	-700.0
645000	-660.0
646000	-664.0
647000	-628.0
648000	-676.0
649000	-696.0
650000	-672.0
651000	-588.0
652000	-596.0
653000	-608.0
654000	-548.0
655000	-620.0
656000	-536.0
657000	-520.0
658000	-584.0
659000	-548.0
660000	-584.0
661000	-616.0
662000	-612.0
663000	-616.0
664000	-644.0
665000	-664.0
666000	-632.0
667000	-708.0
668000	-684.0
669000	-664.0
670000	-624.0
671000	-608.0
672000	-600.0
673000	-588.0
674000	-592.0
675000	-616.0
676000	-724.0
677000	-612.0
678000	-636.0
679000	-640.0
680000	-656.0
681000	-664.0
682000	-636.0
683000	-624.0
684000	-636.0
685000	-640.0
686000	-600.0
687000	-564.0
688000	-556.0
689000	-632.0
690000	-632.0
691000	-636.0
692000	-580.0
693000	-556.0
694000	-508.0
695000	-540.0
696000	-600.0
697000	-584.0
698000	-604.0
699000	-548.0
700000	-536.0
701000	-572.0
702000	-548.0
703000	-556.0
704000	-560.0
705000	-592.0
706000	-616.0
707000	-580.0
708000	-588.0
709000	-660.0
710000	-632.0
711000	-624.0
712000	-660.0
713000	-616.0
714000	-644.0
715000	-660.0
716000	-668.0
717000	-616.0
718000	-596.0
719000	-664.0
720000	-696.0
721000	-692.0
722000	-692.0
723000	-656.0
724000	-652.0
725000	-564.0
726000	-548.0
727000	-604.0
728000	-640.0
729000	-628.0
730000	-652.0
731000	-604.0
732000	-576.0
733000	-616.0
734000	-588.0
735000	-604.0
736000	-636.0
737000	-644.0
738000	-632.0
739000	-636.0
740000	-632.0
741000	-656.0
742000	-648.0
743000	-636.0
744000	-560.0
745000	-560.0
746000	-608.0
747000	-644.0
748000	-664.0
749000	-636.0
750000	-672.0
751000	-704.0
752000	-720.0
753000	-704.0
754000	-724.0
755000	-632.0
756000	-660.0
757000	-640.0
758000	-580.0
759000	-628.0
760000	-608.0
761000	-612.0
762000	-624.0
763000	-660.0
764000	-628.0
765000	-592.0
766000	-620.0
767000	-564.0
768000	-600.0
769000	-584.0
770000	-644.0
771000	-636.0
772000	-616.0
773000	-588.0
774000	-620.0
775000	-612.0
776000	-704.0
777000	-708.0
778000	-716.0
779000	-640.0
780000	-656.0
781000	-604.0
782000	-592.0
783000	-560.0
784000	-612.0
785000	-616.0
786000	-568.0
787000	-572.0
788000	-628.0
789000	-628.0
790000	-628.0
791000	-644.0
792000	-572.0
793000	-620.0
794000	-636.0
795000	-628.0
796000	-660.0
797000	-648.0
798000	-624.0
799000	-592.0
800000	-560.0
801000	-588.0
802000	-616.0
803000	-580.0
804000	-612.0
805000	-592.0
806000	-592.0
807000	-572.0
808000	-632.0
809000	-608.0
810000	-608.0
811000	-576.0
812000	-588.0
813000	-612.0
814000	-712.0
815000	-696.0
816000	-628.0
817000	-640.0
818000	-588.0
819000	-708.0
820000	-624.0
821000	-644.0
822000	-704.0
823000	-716.0
824000	-696.0
825000	-712.0
826000	-716.0
827000	-652.0
828000	-616.0
829000	-596.0
830000	-648.0
831000	-664.0
832000	-632.0
833000	-600.0
834000	-604.0
835000	-576.0
836000	-556.0
837000	-684.0
838000	-676.0
839000	-652.0
840000	-692.0
841000	-600.0
842000	-600.0
843000	-564.0
844000	-584.0
845000	-660.0
846000	-668.0
847000	-660.0
848000	-580.0
849000	-592.0
850000	-632.0
851000	-656.0
852000	-644.0
853000	-652.0
854000	-696.0
855000	-632.0
856000	-636.0
857000	-596.0
858000	-684.0
859000	-684.0
860000	-632.0
861000	-616.0
862000	-692.0
863000	-672.0
864000	-720.0
865000	-680.0
866000	-656.0
867000	-564.0
868000	-628.0
869000	-660.0
870000	-692.0
871000	-648.0
872000	-644.0
873000	-628.0
874000	-580.0
875000	-628.0
876000	-632.0
877000	-636.0
878000	-612.0
879000	-600.0
880000	-624.0
881000	-596.0
882000	-648.0
883000	-664.0
884000	-600.0
885000	-636.0
886000	-584.0
887000	-596.0
888000	-652.0
889000	-628.0
890000	-632.0
891000	-680.0
892000	-636.0
893000	-684.0
894000	-604.0
895000	-620.0
896000	-644.0
897000	-608.0
898000	-608.0
899000	-640.0
900000	-620.0
901000	-696.0
902000	-640.0
903000	-580.0
904000	-576.0
905000	-576.0
906000	-588.0
907000	-596.0
908000	-600.0
909000	-572.0
910000	-616.0
911000	-568.0
912000	-568.0
913000	-524.0
914000	-468.0
915000	-504.0
916000	-564.0
917000	-540.0
918000	-572.0
919000	-584.0
920000	-572.0
921000	-544.0
922000	-596.0
923000	-664.0
924000	-644.0
925000	-612.0
926000	-584.0
927000	-600.0
928000	-596.0
929000	-640.0
930000	-652.0
931000	-576.0
932000	-636.0
933000	-620.0
934000	-580.0
935000	-572.0
936000	-612.0
937000	-688.0
938000	-668.0
939000	-692.0
940000	-656.0
941000	-620.0
942000	-568.0
943000	-620.0
944000	-652.0
945000	-596.0
946000	-624.0
947000	-616.0
948000	-676.0
949000	-652.0
950000	-672.0
951000	-636.0
952000	-568.0
953000	-656.0
954000	-656.0
955000	-620.0
956000	-680.0
957000	-716.0
958000	-696.0
959000	-628.0
960000	-684.0
961000	-624.0
962000	-712.0
963000	-632.0
964000	-656.0
965000	-616.0
966000	-620.0
967000	-608.0
968000	-564.0
969000	-628.0
970000	-612.0
971000	-588.0
972000	-628.0
973000	-664.0
974000	-672.0
975000	-716.0
976000	-648.0
977000	-612.0
978000	-608.0
979000	-536.0
980000	-616.0
981000	-620.0
982000	-604.0
983000	-664.0
984000	-624.0
985000	-608.0
986000	-616.0
987000	-748.0
988000	-744.0
989000	-696.0
990000	-676.0
991000	-692.0
992000	-740.0
993000	-724.0
994000	-668.0
995000	-676.0
996000	-604.0
997000	-600.0
998000	-584.0
999000	-600.0
