0	1.0
1000	0.805
2000	0.835
3000	0.855
4000	0.785
5000	0.665
6000	0.605
7000	0.7
8000	0.695
9000	0.685
10000	0.805
11000	0.805
12000	0.71
13000	0.605
14000	0.575
15000	0.615
16000	0.655
17000	0.66
18000	0.8
19000	0.71
20000	0.82
21000	0.825
22000	0.805
23000	0.67
24000	0.76
25000	0.64
26000	0.81
27000	0.705
28000	0.605
29000	0.555
30000	0.54
31000	0.59
32000	0.65
33000	0.745
34000	0.79
35000	0.73
36000	0.9
37000	0.805
38000	0.81
39000	0.775
40000	0.86
41000	0.86
42000	0.735
43000	0.78
44000	0.74
45000	0.765
46000	0.745
47000	0.62
48000	0.76
49000	0.77
50000	0.71
51000	0.665
52000	0.79
53000	0.815
54000	0.805
55000	0.755
56000	0.77
57000	0.79
58000	0.83
59000	0.83
60000	0.87
61000	0.85
62000	0.78
63000	0.65
64000	0.86
65000	0.85
66000	0.745
67000	0.73
68000	0.74
69000	0.46
70000	0.305
71000	0.345
72000	0.45
73000	0.43
74000	0.54
75000	0.42
76000	0.45
77000	0.275
78000	0.255
79000	0.28
80000	0.445
81000	0.65
82000	0.735
83000	0.71
84000	0.61
85000	0.77
86000	0.68
87000	0.54
88000	0.76
89000	0.765
90000	0.75
91000	0.77
92000	0.87
93000	0.795
94000	0.81
95000	0.595
96000	0.575
97000	0.625
98000	0.575
99000	0.505
100000	0.46
101000	0.355
102000	0.62
103000	0.605
104000	0.5
105000	0.475
106000	0.45
107000	0.42
108000	0.59
109000	0.505
110000	0.605
111000	0.535
112000	0.56
113000	0.555
114000	0.79
115000	0.74
116000	0.75
117000	0.615
118000	0.65
119000	0.555
120000	0.755
121000	0.605
122000	0.565
123000	0.73
124000	0.675
125000	0.615
126000	0.57
127000	0.505
128000	0.52
129000	0.64
130000	0.76
131000	0.755
132000	0.625
133000	0.77
134000	0.615
135000	0.655
136000	0.68
137000	0.54
138000	0.395
139000	0.44
140000	0.6
141000	0.635
142000	0.635
143000	0.57
144000	0.66
145000	0.68
146000	0.565
147000	0.62
148000	0.775
149000	0.75
150000	0.825
151000	0.705
152000	0.605
153000	0.665
154000	0.515
155000	0.44
156000	0.48
157000	0.35
158000	0.245
159000	0.215
160000	0.23
161000	0.235
162000	0.19
163000	0.105
164000	0.125
165000	0.08
166000	0.07
167000	0.1
168000	0.075
169000	0.135
170000	0.2
171000	0.2
172000	0.145
173000	0.18
174000	0.28
175000	0.375
176000	0.43
177000	0.56
178000	0.515
179000	0.485
180000	0.315
181000	0.3
182000	0.49
183000	0.5
184000	0.555
185000	0.62
186000	0.755
187000	0.735
188000	0.67
189000	0.79
190000	0.84
191000	0.79
192000	0.86
193000	0.84
194000	0.795
195000	0.825
196000	0.675
197000	0.64
198000	0.57
199000	0.63
200000	0.63
201000	0.75
202000	0.61
203000	0.59
204000	0.75
205000	0.835
206000	0.645
207000	0.56
208000	0.63
209000	0.6
210000	0.65
211000	0.61
212000	0.605
213000	0.54
214000	0.515
215000	0.655
216000	0.6
217000	0.755
218000	0.77
219000	0.66
220000	0.76
221000	0.495
222000	0.48
223000	0.51
224000	0.44
225000	0.6
226000	0.585
227000	0.625
228000	0.51
229000	0.5
230000	0.405
231000	0.47
232000	0.74
233000	0.75
234000	0.83
235000	0.725
236000	0.6
237000	0.59
238000	0.665
239000	0.66
240000	0.715
241000	0.7
242000	0.685
243000	0.685
244000	0.735
245000	0.705
246000	0.57
247000	0.545
248000	0.69
249000	0.8
250000	0.875
251000	0.82
252000	0.675
253000	0.73
254000	0.725
255000	0.58
256000	0.6
257000	0.62
258000	0.565
259000	0.74
260000	0.785
261000	0.68
262000	0.62
263000	0.71
264000	0.66
265000	0.73
266000	0.735
267000	0.64
268000	0.645
269000	0.705
270000	0.695
271000	0.76
272000	0.79
273000	0.725
274000	0.67
275000	0.555
276000	0.54
277000	0.7
278000	0.705
279000	0.695
280000	0.675
281000	0.585
282000	0.645
283000	0.73
284000	0.675
285000	0.77
286000	0.705
287000	0.565
288000	0.365
289000	0.565
290000	0.4
291000	0.53
292000	0.63
293000	0.56
294000	0.725
295000	0.655
296000	0.635
297000	0.655
298000	0.82
299000	0.75
300000	0.755
301000	0.73
302000	0.675
303000	0.65
304000	0.66
305000	0.62
306000	0.755
307000	0.725
308000	0.8
309000	0.61
310000	0.64
311000	0.675
312000	0.73
313000	0.77
314000	0.72
315000	0.705
316000	0.65
317000	0.595
318000	0.815
319000	0.74
320000	0.815
321000	0.73
322000	0.845
323000	0.75
324000	0.835
325000	0.835
326000	0.725
327000	0.63
328000	0.605
329000	0.52
330000	0.53
331000	0.685
332000	0.74
333000	0.765
334000	0.775
335000	0.795
336000	0.615
337000	0.505
338000	0.33
339000	0.425
340000	0.6
341000	0.665
342000	0.605
343000	0.605
344000	0.555
345000	0.63
346000	0.525
347000	0.625
348000	0.775
349000	0.72
350000	0.74
351000	0.67
352000	0.65
353000	0.545
354000	0.515
355000	0.365
356000	0.36
357000	0.43
358000	0.52
359000	0.57
360000	0.69
361000	0.54
362000	0.625
363000	0.585
364000	0.68
365000	0.67
366000	0.665
367000	0.72
368000	0.645
369000	0.61
370000	0.635
371000	0.62
372000	0.705
373000	0.625
374000	0.555
375000	0.47
376000	0.605
377000	0.605
378000	0.645
379000	0.585
380000	0.705
381000	0.58
382000	0.505
383000	0.655
384000	0.595
385000	0.63
386000	0.69
387000	0.68
388000	0.615
389000	0.695
390000	0.76
391000	0.695
392000	0.83
393000	0.825
394000	0.79
395000	0.755
396000	0.78
397000	0.76
398000	0.76
399000	0.81
400000	0.76
401000	0.675
402000	0.68
403000	0.73
404000	0.615
405000	0.66
406000	0.605
407000	0.68
408000	0.77
409000	0.76
410000	0.82
411000	0.8
412000	0.705
413000	0.635
414000	0.515
415000	0.51
416000	0.645
417000	0.675
418000	0.815
419000	0.845
420000	0.89
421000	0.845
422000	0.835
423000	0.695
424000	0.75
425000	0.795
426000	0.805
427000	0.77
428000	0.765
429000	0.81
430000	0.67
431000	0.495
432000	0.625
433000	0.715
434000	0.805
435000	0.75
436000	0.76
437000	0.63
438000	0.62
439000	0.6
440000	0.56
441000	0.755
442000	0.78
443000	0.835
444000	0.815
445000	0.87
446000	0.92
447000	0.825
448000	0.765
449000	0.575
450000	0.675
451000	0.71
452000	0.74
453000	0.84
454000	0.845
455000	0.835
456000	0.81
457000	0.84
458000	0.71
459000	0.62
460000	0.605
461000	0.555
462000	0.67
463000	0.665
464000	0.65
465000	0.69
466000	0.775
467000	0.63
468000	0.71
469000	0.63
470000	0.715
471000	0.72
472000	0.82
473000	0.845
474000	0.83
475000	0.78
476000	0.775
477000	0.735
478000	0.815
479000	0.655
480000	0.69
481000	0.75
482000	0.715
483000	0.82
484000	0.715
485000	0.785
486000	0.83
487000	0.745
488000	0.68
489000	0.64
490000	0.445
491000	0.465
492000	0.625
493000	0.465
494000	0.36
495000	0.275
496000	0.27
497000	0.24
498000	0.215
499000	0.23
500000	0.185
501000	0.215
502000	0.395
503000	0.335
504000	0.38
505000	0.435
506000	0.385
507000	0.3
508000	0.495
509000	0.585
510000	0.63
511000	0.58
512000	0.75
513000	0.815
514000	0.755
515000	0.81
516000	0.885
517000	0.89
518000	0.81
519000	0.8
520000	0.66
521000	0.54
522000	0.62
523000	0.56
524000	0.56
525000	0.43
526000	0.59
527000	0.64
528000	0.655
529000	0.61
530000	0.665
531000	0.72
532000	0.775
533000	0.86
534000	0.855
535000	0.76
536000	0.625
537000	0.485
538000	0.545
539000	0.505
540000	0.61
541000	0.585
542000	0.765
543000	0.845
544000	0.785
545000	0.72
546000	0.73
547000	0.735
548000	0.88
549000	0.785
550000	0.78
551000	0.7
552000	0.605
553000	0.61
554000	0.58
555000	0.53
556000	0.325
557000	0.435
558000	0.695
559000	0.63
560000	0.605
561000	0.605
562000	0.74
563000	0.695
564000	0.525
565000	0.59
566000	0.69
567000	0.73
568000	0.73
569000	0.765
570000	0.815
571000	0.775
572000	0.85
573000	0.745
574000	0.69
575000	0.655
576000	0.74
577000	0.84
578000	0.835
579000	0.73
580000	0.67
581000	0.675
582000	0.7
583000	0.655
584000	0.7
585000	0.6
586000	0.525
587000	0.735
588000	0.635
589000	0.615
590000	0.605
591000	0.64
592000	0.47
593000	0.515
594000	0.495
595000	0.49
596000	0.49
597000	0.635
598000	0.725
599000	0.82
600000	0.78
601000	0.665
602000	0.77
603000	0.805
604000	0.69
605000	0.785
606000	0.725
607000	0.775
608000	0.805
609000	0.775
610000	0.81
611000	0.695
612000	0.625
613000	0.49
614000	0.53
615000	0.465
616000	0.44
617000	0.375
618000	0.42
619000	0.35
620000	0.275
621000	0.22
622000	0.295
623000	0.405
624000	0.395
625000	0.57
626000	0.575
627000	0.68
628000	0.68
629000	0.64
630000	0.775
631000	0.835
632000	0.845
633000	0.835
634000	0.655
635000	0.685
636000	0.635
637000	0.635
638000	0.61
639000	0.625
640000	0.75
641000	0.75
642000	0.695
643000	0.84
644000	0.865
645000	0.78
646000	0.78
647000	0.685
648000	0.79
649000	0.8
650000	0.8
651000	0.66
652000	0.66
653000	0.52
654000	0.47
655000	0.555
656000	0.46
657000	0.405
658000	0.635
659000	0.535
660000	0.46
661000	0.585
662000	0.605
663000	0.68
664000	0.695
665000	0.76
666000	0.72
667000	0.84
668000	0.825
669000	0.785
670000	0.725
671000	0.675
672000	0.62
673000	0.665
674000	0.63
675000	0.76
676000	0.82
677000	0.71
678000	0.74
679000	0.685
680000	0.73
681000	0.645
682000	0.755
683000	0.725
684000	0.74
685000	0.765
686000	0.62
687000	0.47
688000	0.515
689000	0.51
690000	0.505
691000	0.62
692000	0.525
693000	0.395
694000	0.22
695000	0.295
696000	0.4
697000	0.505
698000	0.48
699000	0.42
700000	0.425
701000	0.52
702000	0.485
703000	0.51
704000	0.51
705000	0.475
706000	0.465
707000	0.42
708000	0.355
709000	0.55
710000	0.68
711000	0.66
712000	0.785
713000	0.645
714000	0.7
715000	0.77
716000	0.765
717000	0.715
718000	0.655
719000	0.745
720000	0.855
721000	0.83
722000	0.845
723000	0.79
724000	0.7
725000	0.535
726000	0.47
727000	0.615
728000	0.765
729000	0.75
730000	0.735
731000	0.69
732000	0.615
733000	0.675
734000	0.65
735000	0.655
736000	0.735
737000	0.75
738000	0.75
739000	0.69
740000	0.765
741000	0.785
742000	0.735
743000	0.715
744000	0.54
745000	0.52
746000	0.655
747000	0.745
748000	0.79
749000	0.71
750000	0.79
751000	0.865
752000	0.85
753000	0.855
754000	0.88
755000	0.75
756000	0.75
757000	0.715
758000	0.59
759000	0.77
760000	0.675
761000	0.74
762000	0.705
763000	0.785
764000	0.695
765000	0.7
766000	0.62
767000	0.565
768000	0.635
769000	0.58
770000	0.76
771000	0.68
772000	0.615
773000	0.545
774000	0.615
775000	0.655
776000	0.86
777000	0.86
778000	0.86
779000	0.73
780000	0.685
781000	0.585
782000	0.475
783000	0.455
784000	0.465
785000	0.435
786000	0.29
787000	0.415
788000	0.52
789000	0.575
790000	0.565
791000	0.71
792000	0.565
793000	0.69
794000	0.7
795000	0.705
796000	0.72
797000	0.675
798000	0.685
799000	0.665
800000	0.61
801000	0.555
802000	0.48
803000	0.525
804000	0.475
805000	0.575
806000	0.615
807000	0.575
808000	0.605
809000	0.645
810000	0.66
811000	0.565
812000	0.645
813000	0.72
814000	0.865
815000	0.83
816000	0.72
817000	0.72
818000	0.625
819000	0.82
820000	0.695
821000	0.705
822000	0.855
823000	0.87
824000	0.8
825000	0.81
826000	0.815
827000	0.765
828000	0.67
829000	0.635
830000	0.75
831000	0.79
832000	0.66
833000	0.59
834000	0.54
835000	0.56
836000	0.565
837000	0.83
838000	0.8
839000	0.78
840000	0.84
841000	0.63
842000	0.675
843000	0.505
844000	0.59
845000	0.73
846000	0.83
847000	0.75
848000	0.65
849000	0.675
850000	0.7
851000	0.65
852000	0.685
853000	0.65
854000	0.81
855000	0.74
856000	0.67
857000	0.67
858000	0.825
859000	0.795
860000	0.73
861000	0.645
862000	0.78
863000	0.78
864000	0.89
865000	0.775
866000	0.735
867000	0.62
868000	0.67
869000	0.75
870000	0.86
871000	0.73
872000	0.725
873000	0.765
874000	0.645
875000	0.715
876000	0.67
877000	0.7
878000	0.68
879000	0.51
880000	0.575
881000	0.64
882000	0.75
883000	0.715
884000	0.655
885000	0.75
886000	0.495
887000	0.58
888000	0.685
889000	0.725
890000	0.725
891000	0.81
892000	0.69
893000	0.795
894000	0.66
895000	0.62
896000	0.645
897000	0.635
898000	0.675
899000	0.68
900000	0.715
901000	0.83
902000	0.67
903000	0.575
904000	0.455
905000	0.33
906000	0.33
907000	0.485
908000	0.585
909000	0.55
910000	0.46
911000	0.41
912000	0.375
913000	0.375
914000	0.315
915000	0.315
916000	0.41
917000	0.42
918000	0.47
919000	0.52
920000	0.405
921000	0.42
922000	0.46
923000	0.62
924000	0.74
925000	0.69
926000	0.645
927000	0.655
928000	0.67
929000	0.64
930000	0.665
931000	0.62
932000	0.725
933000	0.655
934000	0.67
935000	0.54
936000	0.665
937000	0.8
938000	0.795
939000	0.84
940000	0.73
941000	0.67
942000	0.605
943000	0.7
944000	0.66
945000	0.695
946000	0.71
947000	0.68
948000	0.765
949000	0.65
950000	0.635
951000	0.61
952000	0.57
953000	0.77
954000	0.79
955000	0.74
956000	0.815
957000	0.895
958000	0.84
959000	0.715
960000	0.775
961000	0.725
962000	0.825
963000	0.69
964000	0.785
965000	0.76
966000	0.68
967000	0.615
968000	0.53
969000	0.715
970000	0.59
971000	0.535
972000	0.715
973000	0.805
974000	0.81
975000	0.885
976000	0.735
977000	0.655
978000	0.63
979000	0.52
980000	0.645
981000	0.705
982000	0.64
983000	0.775
984000	0.715
985000	0.675
986000	0.72
987000	0.92
988000	0.935
989000	0.845
990000	0.805
991000	0.855
992000	0.89
993000	0.88
994000	0.765
995000	0.795
996000	0.66
997000	0.55
998000	0.545
999000	0.56
